
0001 0001 0010 1000 k0 0-15
0001 0010 1000 1000 k1 4-19
0010 1000 1000 1100 k2 8-23
1000 1000 1100 0000 k3 12-27
1000 1100 0000 0000 k4 16-31


0001000100101000
000100010010100
000100010010100
0001000100101000


0001001010001111
0001000100101000
0000001110100111
1110000101101000
1001101010100100
100010000010110
100010000010110
001100111101


0001001010001111
0001000100101000
0000001110100111

1001101010100100
0001001010001000
100010000010110

1010 1110 1011 0100
1010 1110 1011 0100


0001 0010 1000 1111
0100 1101 1011 1010

0123 4567 8911 2345
1000 1000 1100 0000
1110 0010 0000 0000

1. SBox Decrypt
0100010001100001
0100010001100001

2. Sbox
0011101110011101


3. Sbox
1100110100011000

4. Sbox
1100000110111010
